9.699333327676516348e+00
7.159587615788115755e+00
1.175759522356322684e+01
7.315790639213613389e+00
1.761200708952330984e+01
6.242456569890124207e+00
7.647157563291421489e+00
8.114171289620344396e+00
8.752171061133257268e+00
6.351905343021043926e+00
5.438420300009068065e+00
6.745472376885286003e+00
8.243104298264022134e+00
9.515020286956913154e+00
9.069254630989885158e+00
9.596616949747838632e+00
8.699397522027631169e+00
1.246862680656696298e+01
9.110412877533876852e+00
9.516333486842105671e+00
7.469866645839487340e+00
1.112812903887899196e+01
8.382543935017718439e+00
6.988301307735499179e+00
6.066402686008336431e+00
5.828535353688354625e+00
1.479485630040285571e+01
6.121461277200114459e+00
1.411221022502246569e+01
5.407228697055422195e+00
9.768087211154947269e+00
7.961233768312937720e+00
7.637443857239014200e+00
1.116026364960725559e+01
1.040672470063411481e+01
1.257712885213948972e+01
8.412602737167391709e+00
6.820373700170041964e+00
1.024047627382580039e+01
5.734141416812128966e+00
4.688223126315223865e+00
1.254274402806432320e+01
6.621595185408037487e+00
8.745061941171316633e+00
1.509099702609579552e+01
1.030682416281332792e+01
1.007592073627613871e+01
7.438240587329509879e+00
8.165330240387111971e+00
1.191401949380168013e+01
7.634329583543814302e+00
9.093368199019272069e+00
9.997998583356782376e+00
6.385083548986090207e+00
1.352209235275809007e+01
7.665366098033133291e+00
6.856709083567409380e+00
1.022089170044161044e+01
9.576098737932003502e+00
9.911809190021806160e+00
7.276822857229465313e+00
7.945163449879927953e+00
1.395858002326900937e+01
6.580445955834376193e+00
1.623862824617155809e+01
6.478065171907616993e+00
8.434711577165881380e+00
5.679686528781731525e+00
1.308676129592731741e+01
8.393821187050996002e+00
5.728408342756739380e+00
1.417474954097767004e+01
7.921179730763170390e+00
1.042789163898319238e+01
1.309061043690100057e+01
1.371273934138617534e+01
5.910019903892347770e+00
1.220320357695126923e+01
7.027528839539903593e+00
7.016386516032664389e+00
1.089331615317711943e+01
1.105855126406102862e+01
1.493164701206420730e+01
4.909497429237926980e+00
4.902409045851107372e+00
7.908774038214822610e+00
1.986633138058876469e+01
4.035852212445288245e+00
1.574615573144332537e+01
9.183538450199467462e+00
6.069452226937303685e+00
7.015897241959143216e+00
7.701308945723646104e+00
5.918289193440037899e+00
1.500265334122681438e+01
7.356549719680394617e+00
9.160959719183594530e+00
9.062846142641070912e+00
8.827352977194191652e+00
1.539572861074933385e+01
9.939145372825917590e+00
1.771564906715056509e+01
1.105530542674031125e+01
1.215430701836051952e+01
9.245283168755566550e+00
4.307701386000226229e+00
8.839528965508549163e+00
6.845072889562938911e+00
8.594100218079194775e+00
1.027067099657404015e+01
7.998241233700641217e+00
1.007650391715566762e+01
6.301848473193924605e+00
9.912035126287879194e+00
1.330166584770184102e+01
1.760968721034341655e+01
1.372511123003190470e+01
1.204831857877413803e+01
7.760204894398941455e+00
9.857670714831805014e+00
9.152536640245873656e+00
1.106082756639778175e+01
6.017362865601402433e+00
8.903972805211632036e+00
6.142450520615742704e+00
1.290478138301470068e+01
1.239956785417530583e+01
1.366028994484809012e+01
9.133896136612483119e+00
7.484062506186966779e+00
5.133163749128662801e+00
6.232692912087784975e+00
6.010908827929124065e+00
1.483557211992513558e+01
9.505593380407487913e+00
1.275544018983111982e+01
1.680488017786836608e+01
7.101204744387616508e+00
1.025627196216840709e+01
1.213394001990291926e+01
1.348115927360393584e+01
1.039480098046274215e+01
1.453143527428063742e+01
1.052530070995793032e+01
1.769727252381011340e+01
9.420356618191277676e+00
1.531149938539116384e+01
1.213318813024190490e+01
5.415168567677594247e+00
8.871617434003381319e+00
8.415715662452400991e+00
9.024958383821283903e+00
1.507057483656712371e+01
1.249741048861088899e+01
1.201352435079852299e+01
6.842721352517171951e+00
7.605088783270075758e+00
7.978843757968411943e+00
4.941159303731507357e+00
5.306672600426881381e+00
4.711008626865301530e+00
9.163122832704569731e+00
9.051181882714146809e+00
8.140837790065925006e+00
7.420278766479996513e+00
1.147954173318897020e+01
1.475499854423060953e+01
7.801673481552225731e+00
1.118332994922939960e+01
1.078796850742381430e+01
1.537544756669431756e+01
1.001692056168167255e+01
5.330036232153758213e+00
1.149839192921456288e+01
1.585554748096088495e+01
5.947345566822829888e+00
1.659945794936853858e+01
1.283654074866865180e+01
6.145229415082998692e+00
9.222815368532334190e+00
1.491947544265920378e+01
1.398146689064694925e+01
1.026579518425912951e+01
6.654096731196399439e+00
9.983937615645892549e+00
8.797581311494603540e+00
9.073999317618390847e+00
8.456629565495569878e+00
7.898195643382068809e+00
5.373384883963177927e+00
1.030001767229529364e+01
1.367600328753990979e+01
6.884347743531995079e+00
5.890228474641785894e+00
6.601275822520944025e+00
6.955401523398306196e+00
1.234432166025153776e+01
1.143432613105386864e+01
1.137490270360097711e+01
1.283627903051683639e+01
5.646352932087324028e+00
4.333570246850443120e+00
5.716582973803822298e+00
8.873577835489477650e+00
9.027518284297929796e+00
6.828429122189339395e+00
9.974212884971828785e+00
7.051018954643764047e+00
7.624765578622494822e+00
6.806820228886905966e+00
1.034726873833835192e+01
5.827924205995654638e+00
6.849393964993805817e+00
7.775564185979659371e+00
4.989972509136622492e+00
8.994621800976778658e+00
4.973391595837867385e+00
8.448379163691040361e+00
5.230804621432301182e+00
6.648855017969295567e+00
9.243731321169821769e+00
1.418270673238571611e+01
1.225082721784214357e+01
8.443299179892026274e+00
7.541387126837951094e+00
1.109104362268160315e+01
1.149055236530203672e+01
8.286742736337382453e+00
6.308058633797520187e+00
1.095861788454587504e+01
8.714163786797245237e+00
6.479542364421003953e+00
1.121353974097243444e+01
1.188260498680299015e+01
5.688851349732618523e+00
8.548292157264192781e+00
6.026882204873325044e+00
1.101495581119096734e+01
1.009474949612188510e+01
1.890752550704744905e+01
9.386849852042841391e+00
6.424076815639618410e+00
9.817553251839010287e+00
8.854314687412335516e+00
1.087464525749222943e+01
1.111020130142919982e+01
9.036860515997460652e+00
6.753149368219857784e+00
1.191470167257336144e+01
9.627138575629562212e+00
