9.548628212323921616e-02
4.297555923059114269e-01
2.368413137558284809e-01
7.301185242004923359e-02
4.296406668988523858e-01
1.948602411112372035e-01
9.989965427462124126e-01
1.932212313765218625e-01
5.500862026195483395e-02
3.165601560682946292e-01
7.894430462758793565e-01
7.484160695582738054e-02
2.716606541060316293e-01
1.908766495640140393e-01
9.164480433171862117e-01
7.210392127167380982e-02
2.309549578104604650e-01
3.298320907872689944e-01
7.681421702824406950e-01
1.922142628424955979e-01
2.602198650782374112e-01
5.465136740225171735e-02
2.150249902166327109e-01
3.836222689805267039e-01
1.306957642221155125e-01
3.194538675770849934e-01
4.035394687333500041e-01
4.372077052714035128e-02
3.959210856209147839e-02
1.414339618437838730e-01
5.720997068585245010e-02
9.614725031775449293e-02
5.014549974521401859e-02
2.453506162255738865e-01
7.246649568324398105e-01
3.774447018484169414e-01
8.575866691005605558e-02
4.957758296258495401e-01
1.183842418673170110e-01
5.901261329143681761e-02
2.571793400665955409e-01
4.558493088163225737e-01
9.400599636544462734e-02
1.101186116947408533e-01
8.831972770393827776e-01
5.267415357344624322e-02
1.857441742618405334e-01
9.954755957748478989e-02
8.331756393157811746e-02
2.657652364595748384e-01
9.992435460984034901e-01
2.140180473119427662e-01
9.987988448523394958e-01
4.148838724924555632e-01
8.107972883219951576e-01
8.829508738291459435e-01
6.741595071483041934e-01
5.695461162975877789e-01
6.263289587540582515e-01
9.258309176178336486e-01
8.042757893160327187e-01
8.079714325350856319e-01
1.971577356822196148e-01
8.648637792390275747e-01
9.452583117198097851e-01
6.535316600541927201e-01
8.023565617028414199e-01
9.960744127384422164e-01
3.929615914064832904e-01
9.256870643373442675e-01
9.675640230837431188e-01
3.272271246094747843e-01
6.186208038390593744e-01
4.402397574867785157e-01
7.775777056573629498e-01
9.831192627098139791e-01
7.162690458391139936e-01
4.863256360746870399e-01
9.719842842102214275e-01
2.683527865259383582e-01
1.758761506159435550e-01
9.995528838330475230e-01
9.488124477883296271e-01
9.164102813454375607e-01
5.142889758119791876e-01
8.535349057743393253e-01
7.853032910452164561e-01
6.364440293112920699e-01
7.302739624012065667e-01
9.997566082545804589e-01
2.540823542391473788e-01
6.831278229865554996e-01
6.632415623810024030e-01
7.662258499318280736e-01
8.049962840968190037e-01
5.338562209391969349e-01
5.250464764585985877e-01
7.025063311668876542e-01
9.950438529972460699e-01
4.254561058958929443e-01
