1.974903809206727534e-01
1.339042446637599137e-01
1.326412562075708623e-01
1.347567864301493223e-01
9.370651103445188923e-01
9.062353975800746531e-01
3.187445927650109367e-01
1.201610754165537837e-02
2.393844205767704236e-01
2.016480595890082494e-01
1.822813065071441918e-01
1.322232089530743226e-01
8.141767768743597422e-01
1.026651975745927620e-01
8.394679490369167940e-01
4.695738929034630471e-02
3.015433978991354791e-01
1.635573227811772112e-01
2.815827408866590220e-01
7.188697533668253481e-02
1.573614234661491196e-01
2.330555786499633186e-01
1.336578859021385346e-01
5.219182517397479015e-02
2.331721649766900495e-01
2.341495821207597305e-01
3.847940288208571147e-01
1.091010099824937379e-01
1.095558589698735485e-01
1.267695110224003052e-01
4.168847251291697975e-01
5.788372473458723855e-01
7.970876744512744860e-02
1.972564363398987553e-01
8.381435931108653647e-02
3.002616658446349285e-01
3.711110702282597318e-01
2.912955711881520249e-01
1.152469323173555965e-01
2.244897005853786071e-02
2.403295473280078198e-01
7.767357003983570152e-02
2.150681566725761995e-01
3.246896957094118630e-01
9.986812194739652648e-02
2.355036753324044330e-01
2.672579608982929567e-01
4.376704604654598624e-02
1.534238879312364301e-01
1.692487296928613938e-01
9.222614723732744935e-01
7.250055483751476348e-01
7.712894322940221370e-01
8.471646980632369095e-01
5.822019623004344169e-01
8.328829570810286631e-01
8.990207777831932257e-01
6.593660675377986946e-01
6.430545048377570572e-01
9.490883176730274817e-01
8.849494413101827162e-01
4.267129834654314613e-01
9.723808645018211516e-01
6.667051277150147781e-01
5.096832821204992925e-01
9.748174863398411105e-01
9.445925814302676971e-01
8.001901903662629323e-01
8.910690451565725922e-01
4.261230954883364896e-01
6.187428391980770437e-01
4.794971639456290236e-01
3.583554603974526409e-01
9.810273902374876398e-01
2.687408841675341664e-01
8.343793891351944936e-01
8.120306779229742311e-01
7.143680520675727008e-01
9.439199452598862061e-02
7.517385186058254121e-01
7.423686935604231207e-01
8.788331655319097102e-01
8.817706070361267523e-01
9.556542978322982718e-01
7.548357217082882764e-01
9.471247999540346463e-01
9.941063474792632970e-01
4.143284795607443116e-01
9.765232946114618118e-01
8.863757300104719850e-01
7.245467120279360795e-01
4.913143461043038562e-01
5.612166953270296688e-01
8.487023160172678660e-01
2.310898242393037705e-01
9.394593357002035683e-01
8.795630710097518401e-01
6.645293579674775852e-01
8.148972897753579137e-01
9.740679700537199226e-01
