2.239234813324652573e-01
2.778835587344318046e-03
6.646826732302257889e-04
1.188692127527230186e-03
2.860995058222259770e-03
1.338653132651733413e-02
5.909789021639548154e-03
1.069798995160011646e-05
5.267273799194388886e-03
1.797674394007674550e-04
1.864415349360086125e-03
3.946484762819555021e-03
1.523323886661053818e-02
4.158592683094367547e-03
2.108019296270333826e-04
1.531866560254737109e-01
6.801525452249364365e-04
4.175386767359623658e-04
1.465188705775960672e-02
9.829493174560098004e-05
5.217628570941232232e-05
7.034953482403202493e-03
5.174893349973131926e-03
5.306031097207701552e-02
1.859901018593632560e-05
7.076198761287590728e-06
6.418888776116970368e-04
5.622065683479323533e-02
5.603712813087082531e-04
8.867496868849461533e-01
2.614704324770825150e-02
8.723600872206850772e-04
7.649178293865791314e-05
4.619195996936634684e-04
2.535850715490208657e-02
1.025918098641043219e-02
9.382185561777846294e-02
5.148407257567114703e-01
1.146729702686216266e-03
3.848067971573328888e-04
9.593545446578501806e-03
6.897005339844280861e-04
1.284947582948278288e-04
2.006923110391395371e-02
1.024312417462803571e-03
2.274366675817183353e-02
1.344228716426567152e-04
5.618295562818829984e-06
2.671864178382068154e-03
9.071950536118633668e-01
1.169470418470580642e-02
9.699872455546652839e-02
3.111844786554007368e-04
1.058654814842703747e-02
7.079793883415123890e-02
6.029825912024380736e-05
5.764126787211471849e-03
7.782218260025688950e-03
9.523117899652419616e-03
1.839348139410704099e-03
5.140922842586883104e-03
7.716330742816165326e-04
1.084718379460113205e-05
9.883137997431468147e-01
9.365580502835963994e-01
7.560694284149924727e-01
7.401197420937154492e-01
9.780297468164064201e-01
9.001443415843438656e-01
9.969397649615737711e-01
9.994361836973892910e-01
9.934051196913821213e-01
9.876082284619834839e-01
9.523077605286319747e-01
9.826340776543043276e-01
7.130275197832827150e-01
9.557513024944829239e-01
9.519691480086521773e-01
9.930035686923547322e-01
5.529253089390826492e-01
9.766404947375580958e-01
9.994533130939228238e-01
9.929485329231038104e-01
9.757001002727438976e-01
9.265675442967045150e-01
6.467229149984279335e-01
9.704825648858168563e-01
9.856084195672393244e-01
9.984954179462511847e-01
9.562733434760920526e-01
7.565385886470126220e-01
9.766206321948130986e-01
9.172971583523364947e-01
9.839207677769249427e-01
9.076260508290489026e-01
9.984909038225298072e-01
9.931625667623936726e-01
8.795869198437814562e-01
9.978734305020035000e-01
9.961328888561437056e-01
9.986106996245220913e-01
9.596560363646318148e-01
9.507189911897049317e-01
9.958077207472298964e-01
6.786298581613157133e-01
9.651006493963606436e-01
9.400290272028687388e-01
9.925313252806625686e-01
8.812102755620061512e-01
8.781351942334645333e-01
9.961366994799847330e-01
8.316903928549960190e-01
9.741224488911921497e-01
8.679658268372804075e-01
5.635932862844369451e-01
9.783751649156042784e-01
9.948254628676488354e-01
8.521697794071464438e-01
9.956271901865914042e-01
9.649573062501608511e-01
9.282441075793440577e-01
9.717498346720040425e-01
8.592038539363747729e-01
9.947031407089613753e-01
9.981008416650878345e-01
3.327826678259522275e-01
