4.999967314789616202e-01
4.999962212830459940e-01
4.999960115928294146e-01
4.999960491290690312e-01
4.999961825721017106e-01
4.999963423169241361e-01
4.999962791681313856e-01
4.999955945839590354e-01
4.999962144233597305e-01
4.999958562425765862e-01
4.999961452875565926e-01
4.999962534419957749e-01
4.999964401762038713e-01
4.999962367334465085e-01
4.999958950269764446e-01
4.999966224181788266e-01
4.999960875410559002e-01
4.999959385674650481e-01
4.999963933037456232e-01
4.999958243073340247e-01
4.999957214176212750e-01
4.999962498036243375e-01
4.999962585436953932e-01
4.999965936041493864e-01
4.999956312821954296e-01
4.999954618615481405e-01
4.999960254288982608e-01
4.999965184955550423e-01
4.999960606836702515e-01
4.999971769895240059e-01
4.999965004897817256e-01
4.999961326730666955e-01
4.999958441215049953e-01
4.999960168587802567e-01
4.999964091317138926e-01
4.999963748253487550e-01
4.999966216694877730e-01
4.999969477184832423e-01
4.999961395971734279e-01
4.999959682156782104e-01
4.999963646578297061e-01
4.999960472361039687e-01
4.999958796471025146e-01
4.999964380998199176e-01
4.999960257348553538e-01
4.999964555476142936e-01
4.999958445751427893e-01
4.999954628365405052e-01
4.999962050010612891e-01
4.999971350554907601e-01
4.999964077022530096e-01
4.999966784843112300e-01
4.999959265589108970e-01
4.999963258605059635e-01
4.999966821197531774e-01
4.999957974732843757e-01
4.999962827438962365e-01
4.999963559142679981e-01
4.999963279868117061e-01
4.999961309730954206e-01
4.999963524671998671e-01
4.999960929621146688e-01
4.999955940050769820e-01
4.999974523010309868e-01
4.999972463732771377e-01
4.999970308088469984e-01
4.999970236549023950e-01
4.999974160499298659e-01
4.999971783906382861e-01
4.999976401584080854e-01
4.999978414481890954e-01
4.999975489037212228e-01
4.999974558534593383e-01
4.999972739003079036e-01
4.999973961060183436e-01
4.999970046195551521e-01
4.999972873309164179e-01
4.999972953478518112e-01
4.999975645287159653e-01
4.999969372499867282e-01
4.999973857746395911e-01
4.999978428260721253e-01
4.999975371922659728e-01
4.999973681473295350e-01
4.999972465743537930e-01
4.999969641100580064e-01
4.999973806035379886e-01
4.999974412119947420e-01
4.999977375517934419e-01
4.999972801255090360e-01
4.999970296426402006e-01
4.999973833479512964e-01
4.999972076825933143e-01
4.999974333275130078e-01
4.999971796409897751e-01
4.999977550637977886e-01
4.999975472380966401e-01
4.999971619342788998e-01
4.999977312210076574e-01
4.999976165266340478e-01
4.999977419419671665e-01
4.999972970613044132e-01
4.999972769110949122e-01
4.999976059545135909e-01
4.999970093650367708e-01
4.999973306829823549e-01
4.999972380900200575e-01
4.999975315508973783e-01
4.999971502694883219e-01
4.999971742473904857e-01
4.999976202727556274e-01
4.999971257314412276e-01
4.999973478999237275e-01
4.999971560278096416e-01
4.999969337818965798e-01
4.999973611794423234e-01
4.999975540571701682e-01
4.999971109179845441e-01
4.999976065913716572e-01
4.999973214262575794e-01
4.999972201287826157e-01
4.999973683696569138e-01
4.999971274919142727e-01
4.999975942256237871e-01
4.999977021782527897e-01
4.999968229185156043e-01
